0.025031
0.025031
0.025031
0.025031
0.025031
0.025031
0.025031
0.025031
0.025031
0.025031
0.025031
0.025031
0.025031
0.025031
0.025031
0.025031
0.025031
0.025031
0.025031
0.025031
0.025031
0.025031
0.025031
0.025031
0.025031
0.025031
0.025858
0.026497
0.02712
0.027508
0.027812
0.028087
0.028309
0.028516
0.028687
0.028832
0.028974
0.029098
0.029334
0.029278
0.029182
0.028968
0.028603
0.028051
0.027115
0.026064
0.025346
0.024791
0.023969
0.023106
0.022276
0.02134
0.020335
0.019361
0.018861
0.018523
0.01802
0.017222
0.016402
0.015802
0.015455
0.015308
0.014873
0.014447
0.014384
0.013899
0.013669
0.013356
0.01285
0.012231
0.011552
0.011038
0.010619
0.010034
0.009279
0.008632
0.008236
0.007847
0.007523
0.007128
0.006913
0.006628
0.006339
0.005941
0.005617
0.005402
0.005299
0.005062
0.004654
0.004196
0.003776
0.003193
0.002736
0.002233
0.001634
0.001174
0.0008
-0.000851
-0.000643
-0.000917
-0.001137
-0.001339
-0.00155
-0.001731
-0.001929
-0.002113
-0.002285
-0.002478
-0.002676
-0.002891
-0.003101
-0.00332
-0.003551
-0.003785
-0.004028
-0.004264
-0.004531
-0.004789
-0.005048
-0.005318
-0.005573
-0.005849
-0.006101
-0.006358
-0.006624
-0.006869
