0.029458877
0.029458877
0.029458877
0.029458877
0.029458877
0.029458877
0.029458877
0.029458877
0.029458877
0.029458877
0.029458877
0.029458877
0.029458877
0.029458877
0.029458877
0.029458877
0.029458877
0.029458877
0.029458877
0.029458877
0.029458877
0.029458877
0.029458877
0.029458877
0.029458877
0.029458877
0.029458877
0.029458877
0.029458877
0.029458877
0.029458877
0.029458877
0.029458877
0.029458877
0.029458877
0.029458877
0.029458877
0.029458877
0.029458877
0.02997473
0.030107025
0.030126295
0.030108859
0.029738029
0.029230616
0.028751224
0.028282071
0.028156292
0.027698326
0.027203187
0.026783147
0.025798943
0.024636748
0.02322204
0.022401794
0.021926126
0.0212298
0.021307145
0.021104343
0.020310121
0.019835907
0.01935653
0.018820608
0.018247262
0.017717706
0.017299523
0.01665013
0.016211303
0.015355911
0.014547464
0.014294013
0.014030617
0.013506719
0.012844434
0.012538637
0.012021224
0.010932036
0.009642807
0.00890627
0.008657234
0.008295061
0.007913094
0.007481389
0.007239943
0.007319161
0.007176238
0.006883814
0.006414033
0.006158575
0.006143446
0.005777463
0.005180052
0.004454965
0.004137719
0.00381526
0.002933214
0.002226912
0.002051829
0.001453451
0.001038845
0.001152965
