0.018198
0.018198
0.018198
0.018198
0.018198
0.018198
0.018198
0.018198
0.018198
0.018198
0.018198
0.018198
0.018198
0.018198
0.018198
0.018198
0.018198
0.018198
0.018198
0.018198
0.018198
0.018198
0.018198
0.018198
0.018198
0.018198
0.018463
0.019211
0.019663
0.020184
0.020536
0.020836
0.021144
0.021307
0.021371
0.021401
0.021378
0.02149
0.021606
0.021752
0.021971
0.021999
0.022025
0.021975
0.022004
0.021893
0.021893
0.021683
0.021519
0.021233
0.021043
0.020899
0.020727
0.020582
0.020534
0.020279
0.020079
0.020335
0.020468
0.020157
0.019275
0.018209
0.017196
0.016331
0.016234
0.015975
0.015785
0.015494
0.015266
0.014895
0.014561
0.014355
0.014027
0.013695
0.01335
0.013181
0.013142
0.01304
0.012475
0.011823
0.011329
0.011032
0.010883
0.007714
0.010381
0.010153
0.009961
0.009776
0.009702
0.009631
0.009704
0.0097
0.009486
0.009227
0.008927
0.008462
0.007382
0.007732
0.007543
0.007288
0.006956
0.006653
0.006334
0.006005
0.005713
0.005407
0.005106
0.004804
0.004507
0.004196
0.003922
0.003657
0.003426
0.003182
0.002967
0.002744
0.002506
0.002274
0.002052
0.001831
0.001611
0.001413
0.0012
0.000986
0.000783
0.0006
