0.0003081
0.0003081
0.0003081
0.0003081
0.0003081
0.0003081
0.0003081
0.0003081
0.0003081
0.0003081
0.0003081
0.0003081
0.0003081
0.0003081
0.0003081
0.0003081
0.0003081
0.0003081
0.0003081
0.0003081
0.0003081
0.0003081
0.0003081
0.0003081
0.0003081
0.0003081
0.0002158
0
0
0
0
0
0
0
0
0
0.0000026
0
0
0
0
0
0
0
0.0001313
0.0009191
0.0012324
0.0020137
0.005187
0.0047346
0.0043784
0.0038207
0.0042692
0.0039013
0.0042523
0.0039936
0.0042159
0.0057993
0.0031681
0.0032578
0.0034554
0.0030966
0.0034645
0.0035919
0.0030667
0.004966
0.0054418
0.0058565
0.0053859
0.0051571
0.0055302
0.0052871
0.0049738
0.0057057
0.006006
0.0055744
0.0057018
0.0063518
0.0067405
0.0068172
0.0070499
0.0070616
0.0069446
0.0069134
0.0063518
0.0040898
0.0034307
0.0029913
0.0028821
0.0029458
0.0029939
0.0042913
0.003861
0.0030498
0.0025844
0.00221
0.0008242
0.0012389
0.001196
0.001794
