3.79
3.79
3.79
3.79
3.79
3.79
3.79
3.79
3.79
3.79
3.79
3.79
3.79
3.79
3.79
3.79
3.79
3.79
3.79
3.79
3.79
3.79
3.79
3.79
3.79
3.79
3.79
3.79
3.79
3.79
3.79
3.79
3.79
3.79
3.79
3.79
3.79
3.79
3.79
3.79
3.79
3.79
3.79
3.79
3.79
3.79
3.79
3.79
3.79
3.79
3.79
3.60
3.40
3.19
2.98
2.85
2.72
2.58
2.43
2.27
2.13
2.02
1.95
1.86
1.79
1.76
1.70
1.68
1.66
1.62
1.59
1.56
1.54
1.52
1.50
1.46
1.43
1.41
1.39
1.38
1.37
1.36
1.35
1.33
1.31
1.29
1.29
1.30
1.29
1.26
1.22
1.20
1.16
1.12
1.09
1.06
1.04
1.02
1.01
1.00
0.99